function [x y] = linput()
  x = 0.1:0.1:5.1;
  % y = x;
  y = [-2.3660   -1.7701   -1.3201   -1.2720   -0.5055   -0.3275   -0.4319   -0.4051   -0.1362    0.0405     -0.2024    0.3066    0.1005   -0.0493    0.3263    0.6423    0.0442    0.7559    0.5858    0.5291    0.4964    0.8012    0.7039    1.2297    0.9044    1.1075    1.3314    0.8089    0.7722    1.0514    1.3509    0.6801    1.2743    1.0409    1.2800    1.0181    1.2439    1.4303    1.3457    1.4073    1.1276    1.2935    1.3850    1.6022    1.6745    1.3950    1.2535    1.7307    1.8445    1.2650    1.6089];
end
